0.5575504363922406 -0.6613866774821051 0.0 0.0
0.0 1.4348145533902816 0.32428232835755283 0.09884016904998598
3.9779999999999998 -1.2701048499497871 0.0 0.0
0.3101001754824783 -1.3988095434819103 0.021627250523714923 -0.057607210198775224
0.511 0.2975034127841403 -0.2634174068619368 0.7016491490895865
0.2008998245175217 -1.3777573167317088 -0.001344491920362973 -0.06873112157618036
3.9779999999999998 -1.3098622055587956 0.0 0.0
0.0 -1.4348145533902816 -0.34294145830434697 0.08602436694902806
0.10529045206728549 -1.2050237313860002 0.28773736422871277 -0.07217682203762639
0.4057095479327145 -1.1924855828317862 0.3128112221893268 -0.112481831846692
0.38693654125100174 0.2657620773292544 0.0 0.0
0.0 1.4348145533902816 0.14479891785833165 0.05262606045748846
0.31554972928282243 -0.3625298161978461 0.0 0.0
3.6624502707171773 0.2896195597999004 0.06909143267857408 -0.03381088932959477
0.511 0.34672368765325956 -0.43659042634819445 0.2192102702711217
0.08251122087075241 0.28584932441036265 0.10247850489944502 -0.050516324927493986
0.4284887791292476 0.42913095436835635 0.4200782738223403 -0.08271135857127199
5.0 -0.5187842805452545 0.0 0.0
4.3658920201145435 0.9102274608725611 0.0 0.0
0.6341079798854561 1.0420580353744093 -0.023599705528114575 0.4242189387695495
0.0 1.4348145533902816 0.0 0.0
3.9779999999999998 -1.057653616243818 0.0 0.0
0.511 -1.116138702229087 -0.36293914091821006 -0.24571554472875937
0.511 -1.0255362338004965 0.19930987526386904 0.13493594117841112
3.4245316926971787 -1.3433807576009622 0.0 0.0
0.040018191775906375 -0.6439443270610106 0.020379599362236885 -0.5647258624177393
0.0915473660038566 -0.5516007517984001 0.009187722905181524 -0.6501599542599783
1.0857089803639874 0.770615022871258 0.22305327433334193 -1.949111620646402
0.3581937691590706 0.8697875237346666 -0.3851340852089989 -1.8835852177590466
2.6343290465689178 0.46761424733287593 0.0 0.0
0.0 1.4348145533902819 -0.48773762841384144 -0.13345661682970714
0.0 1.4348145533902816 0.0 0.0
0.0 1.4348145533902816 0.0 0.0
3.9779999999999998 -0.9349295335788614 0.0 0.0
0.511 -1.0788943726147135 0.10720392040131768 -0.03335953225524059
0.23932960215330124 -0.6779028443765946 -0.19139582216593928 0.0595582239824922
0.2716703978466988 -0.699916037255217 -0.21947401448675163 0.0989524656510399
0.0 1.4348145533902816 0.0 0.0
